0 0.11046875 0.078484375 0.11860937499999999 0.0781875
0 0.38271875 0.072421875 0.10840625 0.078578125
0 0.60340625 0.08004687499999999 0.12009375 0.075078125
0 0.8582656249999999 0.073796875 0.11028125 0.0875625
2 0.12296875 0.466109375 0.23734375000000002 0.17753125
2 0.37353125 0.4649375 0.220515625 0.183
2 0.62371875 0.48934375 0.207578125 0.18103125
2 0.86725 0.473140625 0.21417187499999998 0.16034375
4 0.865875 0.46879687499999995 0.23878125 0.909453125
4 0.631515625 0.50159375 0.238828125 0.9438124999999999
4 0.374515625 0.474578125 0.2404375 0.9266249999999999
4 0.127859375 0.482453125 0.25570312500000003 0.928984375